996.71
476.36
474.79
474.69
996.68
477.17
996.71
476.36
476.09
476.07
476.37
997.25
474.3
474.32
473.98
476.92
496.18
474.01
997.27
997.22
496.91
475.97
496.91
475.97
476.37
476.37
476.9
473.99
476.48
997.31
498.15
476.88
474.84
997.34
997.31
997.25
43.62
475.17
997.39
997.41
12.53
8.55
94.52
99.55
93.25
997.19
997.22
61.12
474.69
96.97
107.68
997.29
997.29
997.34
997.31
997.39
475.85
476.7
997.34
997.34
997.37
997.36
997.27
496.28
496.42
997.34
496.4
497.62
997.27
997.34
496.79
997.32
997.29
997.31
476.17
997.32
476.58
997.19
997.25
997.2
997.17
474.84
997.19
474.01
476.51
477.04
475.78
496.38
477.02
476.63
476.94
476.53
475.68
474.47
474.13
477.0
997.32
496.01
997.31
495.18
997.32
498.08
496.45
497.68
997.42
997.42
997.36
495.62
997.32
997.32
495.62
496.43
496.72
997.15
997.14
997.29
997.36
997.39
997.34
997.42
997.39
997.32
997.36
997.36
997.41
997.34
997.36
997.34
997.34
997.32
997.32
997.37
997.36
997.31
475.32
476.14
997.19
475.2
473.93
997.2
997.22
997.22
997.19
997.17
475.3
474.88
476.99
997.12
997.17
997.2
475.25
474.42
475.35
997.27
997.31
997.31
997.25
997.34
997.37
997.32
997.34
997.36
475.78
477.02
997.17
476.12
997.24
474.88
997.19
476.12
997.15
475.42
475.81
475.0
474.05
997.24
476.97
997.22
475.71
476.26
997.41
997.36
474.57
475.8
997.2
997.17
997.2
997.19
997.17
997.19
175.29
997.27
997.27
997.31
128.98
121.69
101.51
997.19
97.95
110.99
997.27
997.31
8.55
91.8
4.4
108.19
6.43
170.05
476.14
77.27
997.07
91.04
474.4
133.09
997.1
997.15
474.01
475.71
997.25
198.59
997.15
997.08
997.14
997.1
997.08
997.12
997.12
997.1
997.15
997.1
997.08
997.1
495.35
997.12
997.15
496.66
497.49
997.07
997.12
997.1
475.15
474.84
997.15
474.44
476.43
997.12
476.02
475.22
474.49
997.17
474.5
997.17
496.72
474.47
475.63
476.44
497.05
474.83
997.2
473.67
477.0
477.0
474.93
476.07
497.01
495.41
476.49
494.97
476.48
496.66
496.25
997.15
497.08
497.08
476.07
474.08
497.49
474.08
997.25
475.73
498.34
493.88
495.13
496.69
474.54
475.24
497.51
473.98
476.49
474.52
475.39
474.08
474.83
497.51
473.99
477.02
498.37
476.49
497.11
475.8
474.96
475.8
496.71
477.04
997.2
474.44
476.1
474.54
474.52
474.54
475.25
476.1
477.34
495.07
476.51
476.61
476.63
475.37
498.07
476.2
477.02
495.07
997.05
494.24
476.12
497.13
474.86
474.56
474.98
474.57
476.1
476.53
475.71
476.12
496.32
476.24
495.58
474.59
494.79
475.01
497.57
476.54
997.15
496.33
497.17
497.98
477.09
476.26
474.49
498.0
494.26
474.9
474.59
477.48
474.59
997.29
497.69
476.65
997.24
474.57
474.9
495.11
474.16
477.5
494.38
474.16
474.08
495.13
494.26
494.28
475.32
495.21
474.96
494.8
497.3
475.41
476.61
495.52
997.07
495.11
495.94
496.35
997.14
498.0
497.27
498.1
497.98
498.0
498.41
495.94
497.57
494.67
997.05
494.68
497.98
475.69
475.69
494.26
495.11
498.02
495.09
997.08
496.33
497.98
497.17
495.09
997.1
497.15
495.5
495.11
497.56
497.15
497.17
475.68
997.14
497.56
494.67
997.1
476.1
495.92
495.07
495.09
475.27
474.96
475.39
475.8
497.98
475.81
474.03
495.06
477.36
474.56
494.36
475.0
476.22
497.56
474.57
475.3
475.32
474.15
475.41
474.16
474.49
474.18
475.83
475.01
476.66
476.99
475.32
477.39
496.33
477.41
476.99
475.01
475.44
475.01
474.1
476.15
495.04
495.87
474.18
474.62
477.51
474.18
474.91
475.32
476.68
476.26
476.29
475.03
475.34
475.34
476.58
475.85
476.27
476.27
476.27
497.56
497.64
497.25
473.77
474.08
476.58
474.52
474.2
476.31
475.05
497.54
476.6
476.61
474.52
997.07
997.03
476.19
477.12
475.08
997.19
473.77
476.61
476.2
477.45
477.02
475.47
475.47
475.05
476.2
474.95
476.63
477.02
476.31
477.14
476.73
476.31
476.71
476.2
474.95
495.53
477.46
476.61
474.62
475.07
476.73
474.54
476.63
475.37
477.45
497.59
495.53
475.9
475.9
476.73
495.65
475.9
476.63
476.2
475.37
475.8
474.23
475.08
475.92
476.63
477.05
476.22
474.96
473.82
475.92
474.57
473.72
476.66
475.08
474.23
475.81
473.76
476.24
997.19
997.19
477.17
475.93
478.01
476.75
997.32
477.16
474.66
474.57
997.2
474.25
474.69
475.52
476.66
473.74
475.83
997.24
476.77
477.17
997.34
476.77
477.58
477.17
997.32
474.69
477.51
477.92
477.07
997.22
997.22
477.07
473.86
997.34
476.34
474.71
476.26
476.26
473.74
477.07
474.67
474.69
477.07
997.19
476.24
474.57
474.69
474.67
474.69
476.65
997.2
475.03
474.71
477.17
475.93
477.6
475.93
477.77
476.65
997.08
475.41
475.41
497.68
474.27
474.27
475.52
474.57
475.85
474.98
477.87
997.17
475.52
476.34
997.19
475.1
476.24
475.01
475.13
475.93
475.93
475.95
997.12
475.0
477.51
474.57
476.77
475.13
474.67
475.42
475.83
474.16
475.52
474.27
474.59
997.17
475.0
476.27
997.1
475.08
475.93
475.52
474.16
474.16
474.67
475.51
474.67
475.42
474.57
476.77
474.71
474.28
997.14
997.1
997.17
474.18
474.57
474.69
477.16
997.24
474.3
474.18
477.07
477.07
475.93
473.84
476.36
476.26
997.22
477.07
476.22
474.15
474.27
475.52
474.15
475.83
474.27
476.73
475.1
476.75
474.57
476.22
476.24
477.05
997.15
997.14
474.25
476.73
475.47
474.54
476.63
476.63
475.05
475.46
997.19
997.19
997.17
997.22
476.71
474.1
475.39
997.22
475.47
474.62
997.25
474.22
476.63
476.6
476.61
997.08
475.35
476.7
475.47
476.71
475.86
475.37
475.34
997.14
474.23
997.2
476.29
474.25
476.61
476.6
495.52
476.2
477.02
475.88
997.24
496.04
477.12
477.55
496.84
474.61
475.07
497.17
475.37
475.39
473.79
474.22
496.47
476.29
997.12
997.17
477.0
477.45
496.77
997.24
997.22
476.63
997.25
474.11
997.17
475.78
476.73
997.31
496.88
997.2
997.24
476.31
997.22
997.22
497.68
474.23
476.31
476.61
997.08
475.41
497.98
997.14
475.0
476.65
997.12
476.73
475.49
475.52
474.98
475.41
475.0
475.51
474.25
496.77
475.92
477.07
475.42
497.61
476.24
475.81
497.18
477.05
476.24
474.25
997.22
474.69
475.42
474.57
474.67
476.78
475.1
476.36
476.24
474.18
476.66
474.67
476.34
496.06
476.36
476.36
475.0
997.07
477.5
474.18
473.89
476.36
474.71
496.77
473.77
475.01
474.28
475.12
476.78
477.75
475.88
997.03
475.85
997.05
497.22
997.08
477.12
476.68
997.14
474.27
474.28
475.47
473.77
474.3
997.19
496.5
474.32
477.87
997.2
997.2
997.22
475.1
997.07
997.08
997.14
476.29
476.7
997.1
477.12
475.15
474.74
475.17
475.88
474.64
997.25
475.17
475.15
476.43
476.73
997.12
474.23
475.49
475.18
473.91
474.78
997.12
475.08
473.93
478.07
476.43
997.17
473.91
475.08
477.17
473.84
476.85
476.85
997.19
476.03
476.03
474.27
475.51
473.98
473.94
474.78
997.0
477.19
996.95
476.36
474.35
476.85
997.17
476.46
474.37
475.93
478.01
473.86
997.07
473.96
474.37
474.25
474.28
477.19
474.79
997.19
474.39
477.17
473.86
475.93
475.66
477.28
476.03
474.37
477.17
476.37
474.28
474.81
997.14
476.87
997.2
997.2
997.17
477.29
475.63
997.07
496.09
476.75
474.28
474.39
477.28
997.17
477.28
498.15
997.15
476.44
497.4
474.39
473.94
473.84
476.77
477.17
496.03
476.87
477.28
496.98
997.2
497.69
477.17
474.4
997.19
473.98
473.88
475.1
474.79
496.96
476.07
474.81
496.45
496.91
475.61
496.03
476.77
475.92
476.77
475.93
476.77
477.28
473.96
477.28
474.27
474.27
477.16
476.75
473.98
476.44
476.75
476.73
496.84
473.84
476.73
474.79
496.84
476.85
477.26
476.43
476.83
473.94
997.03
474.23
475.17
476.44
476.43
475.17
474.23
475.08
476.31
476.82
473.91
477.22
476.73
475.07
474.23
475.58
476.41
475.98
476.41
473.81
996.98
477.14
475.46
474.73
475.17
476.39
476.71
474.22
477.14
476.71
476.0
476.82
496.09
476.83
497.34
474.32
475.86
476.31
477.77
473.79
475.58
476.0
475.15
476.29
475.47
475.46
474.33
475.17
474.32
477.51
473.77
997.05
475.58
474.32
473.89
477.53
475.9
474.22
474.73
475.15
477.51
997.1
475.46
475.47
476.31
475.98
476.39
474.74
474.73
473.79
476.7
474.32
476.0
474.73
474.2
475.46
476.82
476.82
476.41
473.89
475.88
474.22
997.03
476.73
496.43
475.98
477.22
476.41
997.08
474.37
473.82
475.9
473.89
474.76
474.23
474.25
475.17
473.93
476.0
477.12
474.64
474.25
476.02
475.18
474.74
475.07
473.79
476.41
473.89
477.24
477.19
476.31
477.12
474.64
473.91
475.15
474.76
474.23
477.14
474.35
474.33
473.91
477.14
997.07
477.79
477.8
477.14
474.22
475.17
474.78
475.93
475.49
997.14
475.07
476.32
474.33
476.85
496.55
997.15
496.13
497.39
476.43
475.59
497.71
476.02
476.32
474.25
477.16
497.27
997.02
474.33
476.43
476.87
496.96
475.59
476.88
475.07
997.1
475.08
474.79
997.32
477.28
474.81
997.36
475.2
475.51
477.17
474.69
474.35
475.2
997.22
474.76
475.93
474.27
476.03
476.46
476.87
474.37
474.69
475.52
496.04
496.04
997.1
476.32
476.85
475.2
474.78
476.75
476.34
474.69
474.78
476.03
474.78
474.25
477.99
475.51
476.34
496.45
997.1
474.37
497.76
475.2
476.87
475.51
496.03
477.19
497.27
496.43
997.1
495.6
997.08
476.75
476.77
496.01
476.36
473.98
476.43
476.85
475.22
473.82
474.28
476.43
474.39
477.28
997.17
474.81
476.75
476.77
477.19
496.43
477.17
476.75
477.17
496.84
475.2
476.87
476.85
997.19
476.03
496.43
476.34
476.34
474.66
476.32
475.61
474.35
476.02
474.69
497.27
474.27
474.78
498.49
475.93
477.29
997.2
476.03
475.61
476.78
498.07
473.94
476.75
476.75
473.94
473.94
476.46
474.23
498.47
474.66
476.75
476.75
476.32
997.07
473.94
476.85
474.79
496.01
476.34
475.51
476.34
474.78
997.19
476.03
477.28
475.24
497.27
997.03
476.75
473.86
997.07
474.39
997.14
997.17
476.87
475.61
476.46
475.93
475.52
475.93
473.96
476.03
476.02
477.19
476.34
475.1
474.78
474.78
473.94
474.28
474.69
474.39
474.37
476.75
496.01
474.64
477.16
475.1
473.93
473.94
475.51
476.31
997.19
475.51
997.19
473.96
997.31
496.54
496.54
474.37
477.28
475.24
476.32
476.34
474.37
477.28
476.44
474.79
475.51
474.67
477.16
475.2
474.79
474.78
474.69
474.27
474.35
475.2
476.03
476.77
476.34
474.25
476.03
475.61
475.61
476.46
495.64
476.34
474.67
476.36
476.05
476.03
496.16
997.2
496.55
477.29
997.15
476.85
476.46
474.81
476.34
474.69
476.05
476.46
477.29
474.4
496.47
497.28
997.19
997.15
997.15
997.2
496.57
997.24
172.11
997.32
997.27
118.32
125.36
113.42
118.08
102.61
93.74
997.2
60.18
997.32
11.59
97.72
5.42
91.34
997.17
474.69
997.07
997.1
116.54
997.2
997.15
164.68
997.17
997.12
997.07
997.12
495.92
495.09
997.12
475.78
997.1
997.1
474.23
475.49
474.25
475.41
495.52
477.07
475.83
476.63
497.59
476.65
475.93
476.77
475.51
474.15
476.26
474.13
476.77
474.23
475.08
997.02
474.13
477.45
474.23
474.25
474.23
474.15
473.82
997.19
473.81
474.23
477.45
477.45
474.52
475.07
475.88
474.2
496.71
473.71
497.13
474.13
477.02
476.71
476.31
476.29
475.9
474.08
474.5
473.77
496.03
474.2
475.05
474.91
997.12
477.0
475.44
474.62
476.71
476.31
473.71
476.61
475.39
477.55
477.53
474.23
475.08
475.0
997.07
997.1
474.57
475.92
476.31
499.32
476.71
997.24
496.45
474.67
476.73
473.74
477.05
477.46
476.2
497.17
476.63
477.48
495.91
476.34
475.92
476.75
476.32
997.19
476.65
476.61
475.8
473.81
476.73
475.08
477.17
497.17
476.75
477.89
477.05
477.46
473.72
475.51
498.42
474.25
495.64
474.25
475.92
474.13
497.98
475.0
475.85
477.46
495.96
498.02
475.1
496.01
498.44
476.65
997.17
475.08
474.66
475.8
475.8
475.81
476.22
476.31
495.67
476.32
497.28
475.92
475.07
498.42
474.66
474.59
474.98
475.93
476.73
497.62
495.55
496.77
497.22
997.03
496.4
495.57
498.03
497.62
997.05
495.57
497.22
498.46
997.05
498.46
476.34
497.66
997.17
496.49
497.34
496.89
498.47
497.64
475.0
496.81
497.62
474.98
997.19
496.79
498.07
474.67
997.15
474.67
496.88
477.17
475.07
498.03
475.1
474.56
495.55
997.1
475.41
474.66
475.1
475.49
496.37
476.22
997.0
475.81
495.55
474.98
495.14
474.67
498.17
475.08
476.75
475.9
997.02
475.39
475.39
475.49
498.03
495.55
476.34
495.67
497.62
997.0
497.62
476.24
495.99
498.92
497.64
495.99
496.83
497.23
496.83
497.23
497.74
497.76
496.94
495.7
475.12
497.78
475.1
476.75
497.23
997.1
475.92
495.99
475.81
476.24
474.98
495.58
477.09
475.92
496.94
496.42
477.17
497.23
496.86
475.51
495.67
498.08
495.58
495.6
476.77
495.7
496.09
496.11
497.27
476.34
496.84
496.84
476.66
495.3
475.93
475.93
497.79
476.75
496.55
475.1
476.27
477.09
476.65
475.42
474.69
476.34
497.35
497.69
498.08
498.08
495.21
495.58
476.22
475.1
497.25
495.58
497.27
997.03
477.07
475.52
498.17
496.01
497.27
476.66
997.12
495.28
497.68
475.97
997.08
997.1
997.1
475.1
476.34
498.1
497.37
496.54
475.54
477.17
497.27
477.17
496.55
997.12
475.51
477.77
496.45
498.12
476.77
475.03
475.86
475.01
500.57
496.45
475.83
476.7
498.53
477.09
476.68
475.08
474.71
475.54
473.76
495.21
475.44
474.69
476.75
477.17
476.36
475.01
495.21
474.16
476.27
475.51
497.35
475.54
496.13
475.1
495.6
476.68
496.84
475.0
475.01
475.44
476.77
476.78
499.34
475.12
494.9
498.22
477.17
497.27
476.77
475.51
477.6
475.12
997.03
997.03
477.73
477.75
497.28
476.26
496.84
497.68
498.1
474.28
475.42
496.01
476.66
997.0
997.02
477.73
475.95
497.69
477.09
474.69
477.85
476.36
476.68
477.07
497.28
477.75
477.75
477.07
475.85
477.09
474.71
997.14
997.19
498.54
496.45
477.5
477.77
475.13
475.95
476.77
478.02
477.48
496.84
477.19
477.07
497.28
475.03
997.02
997.0
475.85
497.27
474.59
475.1
477.17
997.12
475.52
475.03
477.75
474.59
474.71
474.69
475.52
475.44
475.83
475.44
475.1
475.1
475.95
475.03
996.98
494.8
496.88
475.85
495.19
495.62
475.0
997.12
496.47
475.97
496.15
494.92
997.12
477.17
997.1
475.12
997.02
475.03
474.2
475.13
474.69
497.39
477.62
496.16
475.15
474.64
496.04
496.86
476.68
476.27
475.03
496.86
496.86
476.26
997.1
496.86
495.64
476.7
496.47
475.13
474.73
496.98
496.13
997.17
475.56
496.86
474.71
474.62
474.61
475.12
475.98
475.13
997.0
474.61
476.7
996.98
474.71
476.37
476.8
475.54
474.62
475.03
476.29
997.02
474.73
474.71
474.62
475.88
474.3
477.22
474.3
478.04
475.15
477.55
997.05
476.71
475.46
474.32
473.88
475.13
996.98
477.12
475.88
476.71
474.73
497.68
997.12
997.1
477.24
476.82
477.24
474.78
474.66
996.97
477.14
475.51
474.76
474.3
474.64
474.25
477.97
474.33
496.55
475.18
475.61
475.51
997.0
477.12
476.73
474.25
477.26
496.43
476.82
997.05
997.07
477.24
475.2
496.84
473.94
476.32
477.14
474.25
997.08
474.76
476.85
476.83
475.92
473.82
474.33
475.61
475.18
474.25
476.75
474.27
474.37
476.87
474.35
473.82
475.95
474.39
474.81
474.37
475.1
474.67
475.63
474.79
475.63
476.36
477.17
996.91
475.13
474.39
476.48
476.05
476.78
475.95
476.77
476.78
476.37
475.63
474.37
475.22
474.3
473.86
476.07
474.79
474.39
475.95
476.78
477.21
476.36
474.81
475.63
474.39
473.84
476.36
474.37
473.96
474.69
477.17
475.52
473.94
474.39
478.5
474.78
474.27
474.69
476.85
474.37
997.1
474.37
477.16
474.27
474.78
473.94
473.94
997.0
997.05
473.84
474.78
474.33
476.87
476.34
476.75
474.25
475.2
475.61
476.43
997.14
475.59
476.71
476.32
997.02
476.31
475.58
475.56
474.33
475.88
475.47
474.64
997.07
476.82
997.14
474.3
476.39
996.97
474.67
474.62
497.22
474.73
474.3
475.54
475.86
475.46
474.61
474.32
475.97
497.76
477.19
475.97
476.27
475.86
477.09
475.44
474.71
475.95
473.88
474.2
474.28
495.98
475.54
474.28
473.76
475.01
474.27
474.71
475.12
475.85
477.77
473.76
474.28
473.86
477.07
473.79
997.07
473.88
476.36
474.27
997.03
475.03
996.98
495.57
997.05
473.77
474.71
474.27
474.61
473.77
497.62
474.18
475.54
997.03
476.78
474.69
475.44
475.85
474.66
475.95
474.69
495.26
996.88
475.42
473.76
473.88
475.13
497.32
498.13
473.86
997.14
475.98
475.44
475.0
476.26
474.71
474.71
474.59
476.27
474.59
474.27
475.98
475.95
475.44
474.18
474.71
997.17
475.15
475.12
476.7
473.77
473.86
474.27
475.97
473.77
475.46
996.97
477.09
476.37
475.97
475.56
497.22
476.39
477.11
475.47
475.03
474.73
497.62
476.8
476.8
475.97
475.13
477.11
476.27
474.64
475.52
997.02
496.79
477.21
497.62
476.39
476.39
475.97
475.58
474.62
473.77
475.56
476.36
473.89
475.05
474.2
476.8
475.13
476.8
475.98
476.29
996.97
476.71
497.23
475.05
476.29
476.82
476.41
476.82
475.98
476.78
476.73
476.73
477.14
497.25
476.32
474.64
474.35
473.93
474.23
474.66
474.33
475.59
474.76
496.03
997.0
476.32
475.49
497.27
477.16
474.23
497.25
497.27
476.73
476.78
477.26
476.02
475.2
476.73
475.52
997.03
997.02
476.75
476.73
997.05
997.05
476.02
474.33
477.26
476.75
476.73
474.69
997.02
477.16
476.73
474.35
997.15
475.61
477.16
475.92
476.75
476.34
476.32
997.05
477.24
474.37
474.35
473.84
476.73
997.0
473.96
997.08
475.2
474.81
997.02
474.23
997.03
997.1
997.02
997.05
495.64
476.43
997.15
476.83
476.02
474.76
477.17
475.49
476.32
997.03
475.59
474.37
476.0
997.03
997.0
474.69
474.27
474.39
475.64
475.24
473.86
475.93
477.17
474.81
997.12
476.46
476.46
476.78
496.88
477.21
475.1
475.12
476.36
474.81
476.88
475.64
475.52
475.52
473.86
476.05
474.78
476.48
474.69
474.28
474.79
475.63
476.05
475.97
475.95
473.84
475.2
475.63
475.24
473.86
473.86
476.9
474.39
474.81
477.17
475.54
997.08
476.78
474.4
473.98
474.83
476.77
476.77
476.77
475.52
477.28
997.15
496.45
474.79
496.98
476.85
476.85
476.85
475.1
476.73
495.62
474.27
473.94
477.28
474.39
476.34
474.69
475.13
476.03
475.18
997.15
497.37
474.39
474.69
475.1
477.16
474.37
473.94
477.17
476.32
475.95
475.93
475.22
474.78
473.94
474.27
496.43
474.3
498.13
473.94
997.12
476.43
476.85
497.78
475.61
476.46
475.12
474.69
476.75
474.37
476.87
477.28
476.85
496.86
474.79
476.75
997.03
474.28
477.16
476.83
475.59
476.02
476.85
475.92
477.16
477.16
477.17
997.02
476.32
475.18
476.43
476.44
476.43
997.05
476.73
476.73
496.01
475.9
497.25
477.14
475.1
476.43
475.18
474.35
475.93
476.34
496.43
475.51
475.92
476.43
474.76
476.0
473.86
475.08
476.75
476.02
475.18
476.02
474.66
475.08
497.68
475.08
474.79
476.02
475.17
475.07
474.23
474.35
475.18
474.35
476.34
997.1
475.07
474.76
475.59
496.96
476.87
497.79
497.37
496.86
475.59
997.1
496.94
474.78
476.44
475.08
475.07
473.96
476.44
497.78
997.15
997.14
476.03
474.76
476.75
497.28
476.32
475.9
474.28
474.37
475.18
474.78
497.69
475.92
476.75
475.92
497.71
474.27
997.03
477.28
474.79
474.79
476.75
497.28
476.75
476.75
474.27
474.37
997.14
477.28
997.14
474.37
475.1
477.16
477.16
997.05
474.27
473.94
474.78
475.54
495.64
997.02
474.69
474.35
478.11
474.37
474.81
498.13
476.77
495.65
497.71
474.83
497.73
474.71
475.56
476.78
477.19
497.73
474.81
475.64
497.42
477.31
476.88
475.2
475.97
474.3
475.54
476.49
474.81
474.81
497.71
476.36
474.3
475.54
475.22
475.25
477.29
474.39
475.95
497.3
476.37
476.78
474.69
476.46
497.0
476.05
476.48
997.2
997.22
474.39
476.36
475.97
475.13
474.83
476.9
475.24
475.15
997.08
473.89
476.49
997.24
496.91
476.49
474.42
497.85
497.44
474.84
475.66
474.32
474.73
997.14
997.1
497.73
997.12
475.97
476.05
475.22
476.9
476.37
476.37
997.15
997.17
477.22
476.8
476.8
474.44
474.01
475.59
474.32
475.15
474.01
474.44
474.74
475.13
997.08
474.42
475.24
475.25
474.32
475.98
475.56
476.09
476.51
475.24
475.98
475.15
474.73
497.74
476.8
473.99
474.44
475.97
477.21
997.12
474.32
474.42
475.68
474.84
997.08
474.73
474.73
476.07
475.24
474.84
475.15
997.02
496.08
476.82
476.39
497.34
475.56
476.07
496.5
475.66
497.01
497.34
476.07
477.33
476.9
476.07
475.15
476.8
476.8
474.3
476.9
997.05
497.0
997.03
474.81
997.14
476.49
498.13
475.24
474.73
475.56
474.74
496.5
498.13
475.98
476.09
474.83
474.81
476.37
476.8
495.67
475.95
499.77
495.65
496.06
495.65
476.37
477.21
475.56
476.48
476.07
477.31
475.66
474.71
474.71
476.39
476.05
475.64
496.16
476.05
477.29
476.78
475.95
496.88
496.06
474.3
496.47
476.37
496.47
497.32
476.78
496.88
477.21
475.15
476.88
476.88
476.07
474.81
497.73
475.95
475.1
476.37
476.37
477.28
475.64
496.57
475.24
474.81
475.13
475.12
476.75
996.86
476.85
475.22
497.81
498.12
476.44
997.02
474.83
495.35
476.46
475.12
498.15
475.93
477.17
476.36
476.77
474.79
497.83
497.32
476.03
476.87
476.87
475.24
475.97
474.28
475.95
497.74
474.81
496.5
497.34
498.15
496.94
475.12
474.81
475.64
474.42
498.81
476.46
498.66
475.66
475.66
474.73
474.69
474.79
498.15
496.91
476.48
476.05
476.88
474.79
477.19
497.73
475.54
496.13
476.78
476.78
476.37
475.95
996.97
494.96
497.74
474.42
497.44
474.83
497.03
498.97
476.09
495.77
497.44
476.48
497.74
476.07
497.01
475.64
499.8
476.09
477.31
475.22
476.44
476.8
475.15
477.22
497.74
473.91
497.74
476.37
476.92
476.48
476.9
475.64
476.37
496.49
475.56
475.97
497.32
476.37
475.97
474.83
497.74
477.31
476.9
476.09
497.85
474.86
474.44
496.91
495.67
496.5
473.91
476.8
497.32
476.82
496.06
476.39
477.21
474.86
497.42
474.84
475.25
474.74
474.32
496.06
500.17
496.06
477.21
475.97
474.83
476.07
476.92
476.51
477.31
474.74
496.08
474.33
496.49
476.39
497.32
497.34
473.91
476.07
476.48
495.75
474.45
475.13
477.22
474.74
477.24
476.09
476.09
476.07
497.4
476.49
475.98
473.91
477.21
476.82
496.49
496.08
475.66
997.1
476.09
495.77
475.68
474.84
475.56
496.5
997.03
476.43
996.97
474.44
474.83
497.44
475.69
476.51
997.05
474.73
475.15
475.98
496.09
496.09
496.08
476.94
498.17
496.93
476.83
474.88
475.29
475.69
498.98
495.79
997.2
476.53
496.2
496.62
496.21
496.21
497.03
476.94
496.2
475.71
474.45
476.02
475.61
476.85
476.54
474.44
475.3
475.61
495.69
476.85
476.85
495.69
498.19
476.02
476.44
475.71
476.53
476.97
475.3
476.87
475.18
476.87
476.44
476.44
498.83
475.61
474.06
476.99
476.14
476.85
476.44
477.28
476.85
476.46
474.9
476.12
476.95
476.54
477.28
477.28
476.44
476.44
476.44
476.46
476.14
498.83
476.99
476.14
476.97
476.14
474.91
476.87
476.44
473.98
496.54
473.65
474.9
475.63
476.46
996.85
476.03
474.49
474.5
475.75
496.96
476.05
473.96
474.81
476.95
495.79
997.02
474.9
495.81
476.53
476.88
473.96
474.37
476.97
476.97
476.95
476.97
474.5
996.91
476.87
474.83
496.55
476.44
476.85
997.05
997.03
496.64
499.0
474.06
476.95
474.49
474.39
996.97
476.87
476.87
496.55
476.88
496.55
996.93
474.08
474.49
474.45
476.87
474.4
477.28
476.14
476.53
496.67
497.4
476.56
497.51
476.97
475.73
476.14
496.96
475.34
473.98
476.05
475.32
476.14
476.99
474.47
474.4
476.46
474.5
475.32
476.99
997.05
476.97
474.37
476.46
476.02
996.91
475.3
477.36
476.15
496.23
474.47
474.35
476.03
474.88
496.55
476.54
474.47
475.34
476.83
476.44
474.35
476.14
474.88
474.9
474.37
997.07
475.63
497.37
477.26
474.9
477.38
476.95
477.36
474.44
474.37
475.59
997.03
475.3
474.88
475.71
477.26
498.22
474.88
997.02
475.18
475.59
476.1
476.56
475.69
474.84
476.43
996.95
476.02
475.18
474.45
475.75
475.71
474.76
475.61
475.61
474.88
475.73
475.32
475.22
474.35
474.91
997.07
476.95
497.51
475.71
476.53
475.71
476.44
475.63
474.78
474.45
474.91
476.02
476.44
476.85
476.44
476.43
476.95
476.53
474.45
476.85
475.59
475.58
476.43
476.82
997.03
475.29
476.53
474.86
475.18
475.18
476.44
475.29
497.1
476.1
474.44
475.61
474.74
475.18
497.79
475.69
476.12
497.9
475.71
475.73
474.86
476.44
996.91
496.96
475.18
476.02
497.39
476.05
476.97
474.44
475.71
474.35
497.4
476.43
476.85
476.83
477.26
477.28
476.12
476.14
997.05
475.71
497.01
476.95
473.96
476.02
476.85
476.03
496.98
476.56
475.71
476.56
477.39
476.54
496.13
475.63
476.03
476.87
475.61
997.0
476.54
474.9
476.58
475.63
476.46
477.28
996.91
476.46
477.29
475.75
476.56
474.9
476.05
474.39
474.4
474.06
477.39
474.08
474.39
474.81
477.38
476.56
497.88
474.47
475.73
476.9
474.37
474.37
997.02
476.99
476.54
476.56
474.9
474.37
475.22
997.05
474.91
476.15
474.49
476.48
474.81
475.22
496.96
475.73
475.75
476.54
476.56
476.44
474.76
497.76
477.31
474.78
476.44
997.02
476.56
474.88
496.23
476.54
474.37
498.19
475.24
996.95
996.91
475.22
476.15
476.15
474.49
476.9
476.46
996.98
477.29
476.46
475.64
996.98
475.73
476.99
477.38
475.75
474.37
997.03
475.22
474.47
475.3
474.49
475.2
475.66
476.48
476.56
476.58
476.17
997.08
475.78
996.97
476.05
474.4
996.97
476.88
476.99
474.08
495.82
477.39
477.0
476.44
476.88
996.95
473.96
476.87
474.5
474.1
473.98
474.83
477.29
476.17
474.5
497.08
475.76
475.64
475.24
996.88
474.81
474.91
475.34
475.76
996.88
474.81
476.07
496.18
475.64
476.99
476.99
474.49
478.13
474.83
474.4
476.07
474.91
476.6
474.5
996.88
476.05
476.07
474.49
476.99
475.75
475.34
475.66
476.9
475.22
474.49
475.34
498.3
474.91
474.95
476.87
497.4
996.91
475.22
475.2
498.22
475.22
476.15
997.0
473.65
474.91
474.4
474.4
475.75
475.73
476.17
477.29
996.97
476.03
476.87
475.2
475.3
476.56
497.51
476.54
476.99
997.02
477.36
474.37
996.85
474.37
474.9
997.02
476.15
474.47
475.18
474.79
476.85
996.93
996.98
997.02
997.0
997.03
474.9
474.47
996.91
474.39
496.18
474.79
496.18
476.97
498.22
476.85
477.36
475.71
476.97
476.12
476.02
476.44
474.39
476.87
996.91
476.53
996.98
996.98
475.32
996.98
475.22
474.79
474.79
474.9
474.9
996.97
476.05
498.22
475.22
476.05
476.49
476.03
475.73
474.08
474.49
474.37
474.83
474.47
474.91
474.81
474.4
475.32
474.47
475.32
474.79
474.37
475.34
476.58
475.75
475.34
476.48
474.81
476.05
996.86
476.56
474.52
476.6
473.98
473.98
474.49
475.75
476.17
475.64
474.39
476.05
474.91
476.6
475.35
496.59
996.9
476.56
473.99
475.24
476.51
477.43
477.0
477.0
477.45
476.17
996.9
477.33
996.93
477.34
474.45
498.22
474.01
477.33
996.95
496.16
477.02
477.85
476.19
996.95
475.8
477.33
498.2
476.61
475.68
475.68
499.05
497.81
474.84
496.18
476.92
475.68
496.18
496.18
996.85
476.09
475.78
477.04
474.54
474.86
474.42
474.93
476.6
476.2
477.43
474.95
476.49
997.0
476.09
475.27
475.78
474.52
476.61
474.83
474.4
996.9
476.6
476.6
477.45
473.71
477.34
475.25
476.92
476.51
477.34
475.78
476.61
477.02
475.37
476.1
474.84
476.09
474.95
496.3
474.11
997.0
476.6
474.83
476.94
476.9
476.07
996.9
996.93
474.93
475.76
474.93
474.83
475.24
475.34
475.75
475.34
477.31
474.83
476.49
996.86
474.93
475.76
475.8
475.35
475.68
474.4
996.93
474.52
996.98
476.6
476.6
474.01
474.84
476.92
477.33
997.05
474.96
474.1
997.0
476.49
475.64
476.92
997.0
477.29
997.02
997.02
477.41
997.1
474.11
474.93
474.83
997.0
997.02
474.52
474.08
475.37
474.84
473.99
474.54
476.17
997.1
997.12
475.35
473.99
475.24
474.93
475.37
997.02
475.37
474.83
475.27
476.19
997.03
474.5
475.35
476.09
474.83
475.66
474.93
476.17
476.17
476.92
476.09
474.42
476.09
475.39
476.63
476.22
474.06
476.9
474.84
474.54
475.8
475.78
996.93
474.83
474.01
476.92
474.52
474.93
474.86
474.83
475.68
496.6
476.19
474.93
477.0
477.0
474.4
477.31
476.9
476.51
475.34
497.86
497.85
475.34
474.93
474.93
476.1
474.4
475.69
476.9
996.98
476.17
476.6
996.98
477.43
477.41
476.9
476.49
476.9
996.83
476.49
476.49
474.13
474.93
474.1
474.4
476.9
475.76
475.35
475.35
475.25
474.81
996.97
474.5
497.45
477.0
476.17
476.19
474.52
474.4
496.18
476.49
476.07
474.5
474.5
474.39
474.42
474.95
475.34
475.75
474.83
996.93
476.09
474.4
478.16
475.78
474.1
996.91
473.99
474.86
476.49
475.35
475.76
475.78
474.01
996.97
475.69
475.8
474.1
474.54
475.68
474.44
475.78
997.07
474.96
474.1
474.83
996.91
477.31
475.24
474.52
475.34
477.31
474.44
475.68
474.1
476.99
477.43
476.19
997.07
497.49
474.1
473.59
478.13
474.1
474.08
474.08
475.68
476.07
474.91
476.58
997.03
475.35
474.5
476.48
474.01
476.6
477.82
996.97
477.0
477.41
475.35
474.45
477.31
476.48
476.51
475.37
996.95
477.43
476.19
997.02
996.95
474.54
476.49
476.92
474.44
474.13
496.3
996.95
475.81
476.92
996.85
474.03
476.1
476.2
476.19
477.02
475.37
996.93
996.93
475.27
475.69
474.11
997.03
476.63
997.17
474.96
475.3
475.68
996.91
476.09
474.54
476.61
474.52
476.1
475.25
476.1
476.1
474.95
474.1
476.09
474.45
476.51
474.96
474.52
475.8
474.84
475.68
474.11
476.19
996.91
474.93
475.66
996.95
476.9
476.07
476.92
476.61
475.35
477.43
477.87
477.02
474.56
476.51
496.62
474.45
476.92
475.78
477.85
474.11
474.5
496.6
475.66
475.27
474.1
475.78
475.35
475.27
475.68
475.25
996.91
474.52
997.08
997.03
474.54
476.49
475.27
476.09
475.76
476.61
476.2
476.17
475.66
475.24
475.24
475.35
497.44
476.17
476.61
997.02
476.6
475.78
474.81
474.44
996.9
476.61
996.98
474.54
474.96
476.51
473.99
474.96
476.2
997.07
474.95
474.42
474.83
996.95
474.5
477.43
474.93
475.76
475.66
475.25
996.95
996.93
474.93
475.35
475.76
474.83
476.9
476.92
476.07
476.63
475.35
474.95
474.44
474.42
474.1
476.6
497.54
476.61
476.6
496.71
476.6
477.43
476.51
474.4
474.84
477.0
477.0
496.71
474.93
497.52
476.6
496.28
477.85
477.02
474.13
477.34
476.92
497.0
476.51
476.92
498.24
474.44
476.49
474.96
496.71
475.78
476.19
476.49
475.68
476.51
476.1
476.94
477.04
474.15
477.45
474.45
476.1
996.91
474.44
477.02
477.45
477.02
477.02
473.71
476.1
474.88
477.36
477.02
474.56
476.22
474.86
475.69
477.34
474.54
477.45
497.03
475.37
477.04
474.98
476.92
476.94
476.94
496.2
476.1
477.36
476.94
475.39
476.63
476.61
476.63
474.05
473.62
478.19
474.56
477.46
477.48
475.0
996.91
476.53
996.93
477.34
476.1
996.93
475.81
474.13
474.15
474.03
473.72
474.98
474.56
474.88
473.62
473.71
477.04
475.39
474.03
475.71
476.51
996.88
475.8
997.02
477.02
474.15
497.05
476.92
497.44
475.78
476.94
474.01
476.53
497.45
476.92
477.36
476.63
475.41
475.39
474.84
474.44
476.14
997.19
477.04
474.54
477.02
474.03
474.44
475.81
476.61
474.13
477.45
474.45
476.49
476.9
997.08
997.1
476.94
497.86
474.11
477.45
474.11
497.88
474.96
496.62
477.33
476.92
476.94
476.94
997.03
477.34
474.49
497.88
475.35
497.45
476.61
476.19
475.78
476.61
477.33
474.01
474.01
474.11
477.41
476.19
997.07
474.84
475.25
476.51
997.0
474.11
476.61
477.45
477.0
997.05
474.83
477.33
474.42
475.76
474.95
476.2
476.92
474.83
475.69
476.51
497.01
476.49
474.5
997.2
476.58
475.35
473.99
474.1
497.03
476.61
476.61
477.02
497.56
476.61
997.14
474.13
476.9
496.6
474.88
474.44
477.34
477.45
477.45
474.96
474.95
474.01
477.33
475.29
475.39
477.45
474.13
474.45
474.44
477.34
497.03
997.07
476.92
477.02
474.13
474.98
474.03
997.07
997.07
476.92
477.36
475.8
997.15
477.02
477.02
475.8
476.92
476.49
476.51
476.1
476.51
476.63
476.61
475.37
475.35
477.36
477.34
475.3
476.94
474.13
474.98
474.11
474.86
474.13
474.98
474.56
474.86
474.44
475.39
474.56
997.19
474.13
476.94
997.05
474.03
474.54
477.04
477.04
475.8
496.64
476.92
477.36
475.69
474.05
475.8
997.1
474.54
474.13
474.88
475.68
474.13
474.13
476.1
474.03
474.13
476.22
474.52
997.05
474.86
474.86
474.11
474.1
474.95
475.69
473.6
496.62
474.11
475.39
474.13
475.69
476.54
497.88
474.03
474.57
474.13
496.2
474.08
474.03
475.37
475.39
477.45
997.08
475.37
476.54
474.84
474.88
477.02
474.98
474.13
474.86
474.44
474.13
474.96
474.86
474.47
474.15
474.98
475.8
475.29
476.51
496.21
476.92
474.47
473.69
475.39
476.1
476.95
475.69
473.71
475.8
475.8
474.56
475.71
476.94
474.54
477.02
474.54
474.96
474.42
475.25
475.8
997.14
477.02
997.12
476.19
474.13
473.99
476.92
477.33
474.52
474.11
475.27
474.44
475.25
474.54
474.96
997.03
473.99
473.99
997.0
477.45
474.54
997.12
474.52
474.42
996.97
474.44
477.43
474.96
997.15
997.19
474.56
474.45
498.29
996.88
476.51
474.84
474.54
497.15
474.52
475.8
475.27
474.01
476.1
475.39
477.43
477.02
997.15
496.33
475.8
474.42
474.86
476.94
496.66
997.0
996.88
996.88
478.14
475.78
477.02
477.43
477.02
474.52
474.88
476.9
996.86
476.2
476.19
474.54
474.4
477.33
476.94
476.49
996.98
474.13
476.2
997.12
474.54
474.42
475.27
475.37
476.2
477.45
475.8
474.44
476.1
497.47
477.75
474.45
996.86
497.03
475.41
477.87
497.88
477.04
474.57
474.57
474.45
474.9
474.57
477.46
473.72
476.14
477.34
473.6
477.02
477.45
476.2
473.72
474.45
497.45
996.86
474.88
476.94
476.95
996.98
477.45
477.05
997.02
475.8
478.3
477.05
474.05
475.3
474.16
475.41
473.74
476.53
476.95
996.93
477.36
477.77
474.13
474.15
474.54
475.73
996.86
474.88
477.04
497.47
474.56
477.05
474.57
476.12
474.05
496.64
476.95
474.56
476.22
997.05
476.63
475.0
474.03
475.29
475.39
997.07
996.98
474.98
476.94
476.94
475.71
477.36
996.93
477.38
475.0
477.45
476.22
496.3
498.0
476.63
477.07
496.3
496.72
477.85
997.05
496.3
997.05
476.61
475.37
496.62
497.03
474.56
474.88
477.36
476.94
476.2
477.45
474.56
996.98
497.13
475.41
475.32
474.05
476.53
997.0
477.05
477.05
997.07
477.45
477.05
496.72
997.03
498.36
475.0
475.83
474.45
476.51
474.13
474.57
477.87
476.65
474.88
476.15
474.01
474.96
475.0
473.72
477.34
477.36
474.05
473.74
476.63
477.45
474.86
475.73
476.53
476.94
476.63
475.8
497.57
475.8
476.66
477.07
476.94
476.12
474.05
474.98
476.24
474.52
476.54
477.38
475.69
475.71
476.53
476.24
474.54
474.98
475.29
475.29
476.53
474.54
475.78
476.53
476.53
477.36
476.54
475.73
475.39
475.39
997.07
476.65
997.07
476.95
996.98
497.91
476.95
476.54
996.9
475.73
477.38
497.49
476.54
996.91
476.1
477.46
997.03
477.46
476.63
477.89
475.0
475.29
477.34
474.03
475.0
477.05
476.22
997.02
996.97
474.9
474.9
475.3
474.98
474.13
474.47
474.47
474.56
474.96
474.57
996.9
474.05
474.88
474.98
475.83
474.57
474.86
474.06
477.05
474.61
475.41
474.45
474.05
477.36
476.65
475.81
476.65
476.65
996.76
476.12
477.63
473.62
476.22
477.48
476.63
474.56
476.54
996.83
474.45
996.83
474.15
476.22
475.81
475.41
474.45
474.05
475.41
475.42
475.0
474.45
474.45
475.42
476.24
475.42
473.64
474.47
474.56
475.39
477.72
474.47
475.3
473.74
475.81
475.0
473.64
475.3
474.13
475.81
476.26
475.39
476.95
477.38
474.88
477.62
476.6
476.66
477.07
497.17
496.76
496.23
477.07
477.07
475.0
477.73
476.95
476.15
476.95
475.73
474.13
475.85
477.5
474.15
474.88
474.03
497.85
476.54
496.64
476.95
476.22
477.48
476.63
477.05
474.59
497.88
475.32
474.49
497.05
474.9
477.05
497.06
476.24
476.24
475.8
477.07
476.14
475.73
497.86
474.47
474.16
475.0
475.42
475.32
497.88
475.32
474.47
474.59
475.42
475.85
476.56
478.19
474.06
474.06
474.59
473.74
474.47
475.32
476.54
474.16
477.73
477.9
474.15
475.75
474.47
474.57
477.75
477.48
474.59
474.49
477.36
474.47
474.59
477.05
474.57
477.62
476.58
475.71
474.49
996.74
474.15
474.15
476.14
474.47
474.16
477.72
474.18
477.05
476.14
474.05
474.16
477.05
477.73
477.07
475.42
474.47
476.54
996.81
477.62
495.82
475.01
474.16
476.66
477.89
477.38
476.95
477.38
477.38
476.95
474.49
474.59
476.65
477.48
474.16
474.06
476.95
497.03
476.54
474.56
496.74
497.05
496.64
476.66
473.76
996.86
476.63
996.81
477.63
476.1
475.71
474.59
474.16
477.07
474.59
497.05
474.9
476.54
476.94
477.36
496.62
476.54
476.66
476.22
476.65
476.65
475.3
476.14
474.03
477.07
475.37
476.22
996.9
476.53
474.88
476.53
477.36
477.36
476.54
476.63
475.81
476.63
475.81
476.12
477.36
476.53
474.54
497.06
476.65
474.57
475.37
996.71
996.74
477.34
474.45
996.71
474.57
996.83
476.22
474.57
476.94
497.03
496.62
476.12
475.29
477.34
477.34
474.57
476.2
476.61
475.81
474.86
477.77
476.1
476.54
476.1
476.2
474.95
496.74
476.2
474.84
475.27
476.1
476.24
477.04
477.72
477.46
477.45
477.46
476.22
496.62
476.97
497.9
496.74
496.74
476.2
476.61
476.12
474.86
477.62
476.51
477.34
474.15
477.87
476.63
475.8
497.05
475.71
474.45
477.77
476.95
476.53
477.05
477.04
474.95
496.74
497.15
474.96
476.53
474.9
475.32
474.15
475.81
475.01
476.54
476.95
474.9
477.36
476.6
474.57
496.74
477.05
476.26
497.57
476.65
475.0
475.71
475.71
475.41
474.57
475.41
996.91
474.9
474.05
474.16
477.5
477.48
474.57
474.88
497.06
477.36
497.49
474.45
476.56
476.95
475.44
477.09
474.16
476.15
476.56
477.39
474.91
477.05
476.66
474.18
474.57
474.08
476.14
473.76
475.01
474.47
497.49
474.88
474.06
475.81
474.15
495.84
475.75
496.66
475.75
476.56
477.39
475.73
474.15
474.57
474.06
476.54
476.56
476.15
476.22
474.13
474.57
474.49
477.38
477.38
475.85
477.07
475.0
474.98
475.73
474.88
474.98
475.41
475.81
477.38
476.54
477.62
475.71
477.8
474.57
477.05
996.9
476.65
477.46
475.81
476.12
475.29
474.45
476.22
476.22
476.65
476.24
477.62
476.54
476.12
476.97
474.86
476.22
475.41
476.22
476.94
474.45
476.12
474.96
474.15
474.98
474.86
497.08
476.54
475.73
474.56
475.39
476.66
478.28
474.13
477.34
474.47
996.9
497.9
996.91
476.12
474.56
497.96
477.04
475.39
476.22
477.75
474.05
475.71
474.56
474.96
475.37
474.01
474.44
996.88
475.39
996.93
476.24
474.13
497.86
474.44
476.12
476.94
497.44
474.03
497.05
476.53
477.04
475.81
475.81
996.9
475.69
476.53
476.54
476.95
476.12
477.04
477.04
476.65
477.73
475.39
474.05
497.05
476.95
474.03
496.62
476.54
475.83
476.24
474.56
474.88
473.6
474.15
474.13
474.03
996.73
496.21
474.06
496.21
477.05
474.16
474.56
476.95
996.8
474.44
476.53
474.96
475.81
474.13
476.53
476.95
477.36
476.54
477.38
477.36
477.05
996.91
474.13
476.6
496.21
476.54
996.78
476.14
474.86
475.01
474.59
475.01
475.69
476.51
476.53
476.2
996.93
474.96
497.15
477.05
475.39
476.54
476.12
473.64
476.53
477.48
475.83
477.05
476.65
474.45
476.12
476.56
477.38
476.95
476.24
996.86
474.16
475.32
477.63
496.62
497.49
476.95
477.79
477.39
474.9
477.36
476.53
996.86
996.85
476.24
476.24
474.15
474.9
475.32
474.98
474.57
497.59
474.59
477.63
473.65
474.05
474.57
475.0
477.36
477.77
477.63
476.97
474.06
475.01
496.67
476.24
476.65
474.59
477.63
477.63
474.06
476.56
475.01
495.91
477.05
996.88
474.18
476.95
474.5
475.29
474.15
476.26
477.87
477.87
474.57
474.47
476.56
475.42
475.39
497.18
476.24
475.83
474.06
476.14
476.97
477.63
474.61
477.72
474.59
474.57
474.06
476.54
496.64
476.95
497.49
496.23
497.06
474.91
475.41
477.87
475.0
475.42
476.54
474.06
476.97
996.8
477.48
474.16
475.81
996.81
476.54
476.95
476.54
476.15
996.83
475.83
477.05
476.65
474.57
477.63
474.9
477.79
476.54
497.06
477.63
476.54
477.07
477.9
476.24
477.07
477.05
477.07
474.49
477.38
476.95
476.15
474.59
476.65
476.66
996.86
475.41
474.06
474.49
473.76
477.07
477.51
476.14
476.54
474.88
476.14
496.23
476.66
475.0
474.57
476.56
475.3
476.54
996.83
474.56
475.81
475.0
475.32
497.9
474.9
476.14
475.71
477.07
475.81
474.61
476.14
475.34
477.65
476.56
476.54
476.66
477.07
477.9
477.05
474.18
475.32
476.54
474.06
477.9
497.06
477.05
476.24
996.91
496.76
476.65
473.76
996.8
474.91
476.95
477.63
497.49
476.95
497.06
474.49
477.05
474.59
477.72
477.89
496.76
497.98
477.72
476.22
477.46
475.41
477.36
476.94
476.54
497.47
477.36
476.12
476.94
475.8
474.96
497.56
474.15
477.6
996.69
497.9
474.45
476.12
476.54
996.83
474.54
497.15
474.54
474.98
476.54
476.14
475.29
996.8
476.95
476.24
996.95
475.39
476.22
474.88
474.05
476.12
475.41
497.57
497.03
475.39
476.61
475.39
476.12
474.01
474.88
474.98
474.13
474.03
996.93
497.47
474.88
474.15
477.85
474.56
475.8
474.86
474.03
474.96
477.45
477.45
476.63
474.57
474.03
476.12
474.15
475.41
475.39
476.94
474.03
497.49
996.88
474.15
474.96
477.46
474.15
996.97
474.06
476.54
476.97
474.15
474.15
476.95
475.69
474.45
476.22
475.0
497.13
477.87
477.48
475.39
475.29
474.86
477.77
476.94
474.13
474.98
477.46
477.77
474.45
474.88
476.95
996.93
474.13
475.39
475.71
476.56
474.06
476.97
475.83
474.15
996.91
477.38
499.51
496.74
497.57
477.48
475.8
477.04
474.15
474.88
474.52
474.57
474.15
474.06
496.21
476.12
497.49
477.38
476.95
476.53
475.0
477.46
477.05
474.57
474.88
474.05
474.56
475.81
497.57
477.46
477.07
474.59
474.05
474.15
476.22
476.65
474.11
474.88
476.12
475.41
478.69
474.13
474.96
476.12
996.8
476.14
996.8
476.12
475.81
476.63
496.74
476.22
476.65
996.88
476.24
476.54
475.75
475.71
476.95
476.65
495.92
476.65
475.81
474.98
475.71
474.88
477.36
474.11
474.98
475.81
476.14
475.3
496.62
474.86
474.57
475.41
475.39
474.88
996.8
474.88
477.45
476.65
474.56
474.54
474.45
476.53
496.21
476.12
474.13
475.81
477.79
477.77
476.95
474.91
476.95
474.13
475.81
474.96
474.88
476.14
477.79
476.12
476.12
474.52
476.22
475.42
475.29
476.53
476.53
996.76
476.65
474.15
477.05
477.68
474.9
475.29
474.45
476.22
497.15
477.89
474.13
476.22
474.91
474.03
476.97
474.98
474.98
474.13
476.15
474.88
477.07
476.65
477.05
477.73
476.65
476.63
476.54
477.36
476.54
475.3
476.54
475.81
474.56
476.61
476.12
476.95
996.78
476.95
475.69
496.21
475.81
476.22
476.63
474.15
996.85
474.88
474.13
477.89
996.88
475.81
476.65
474.54
474.45
477.65
475.41
475.39
474.56
474.45
474.03
474.16
474.98
474.56
474.47
474.88
474.57
474.13
474.47
475.73
477.79
498.25
474.45
476.97
475.81
476.65
474.56
474.45
475.32
476.15
474.59
475.85
474.15
476.54
475.32
476.95
476.66
474.98
476.22
476.14
476.56
476.54
476.56
474.59
475.81
477.9
476.65
477.05
496.21
474.59
474.05
474.16
475.42
497.17
475.81
475.81
474.88
475.29
996.81
476.95
476.63
477.05
476.65
477.89
477.05
497.13
476.24
477.62
475.34
477.63
476.95
473.64
474.98
474.98
477.05
476.95
475.71
497.88
476.12
474.49
476.97
476.65
476.22
475.81
475.0
474.5
477.6
474.56
496.64
477.87
475.41
476.63
474.15
474.44
496.62
474.47
474.57
474.57
475.81
475.32
474.45
474.15
475.81
476.24
476.95
475.3
474.45
476.53
474.15
496.76
476.65
496.76
476.65
475.41
495.81
474.03
474.03
475.42
474.13
474.45
474.47
476.94
474.96
475.39
474.57
474.9
476.12
474.56
474.56
474.57
477.34
476.53
474.05
476.65
474.98
496.72
475.39
474.98
996.69
474.88
476.92
476.94
475.41
477.04
474.96
476.51
497.45
996.74
477.34
474.86
497.86
475.71
476.49
474.13
476.6
474.95
474.44
474.84
474.13
497.86
476.94
497.45
477.36
475.37
474.15
474.88
474.88
476.94
474.56
474.56
477.45
477.72
475.29
474.03
477.34
477.77
476.24
474.56
477.46
477.45
499.21
996.85
474.54
476.1
476.94
474.45
476.53
473.74
476.61
477.05
476.1
474.45
474.86
476.22
498.3
476.94
475.78
477.7
498.39
476.61
477.02
477.04
476.2
475.68
497.88
476.51
497.86
996.69
476.92
477.34
476.51
476.51
476.92
476.51
497.44
497.03
477.34
477.34
476.63
475.39
475.41
475.69
474.05
474.88
476.2
475.81
477.05
477.46
476.12
476.94
474.44
476.1
497.05
497.03
996.73
476.94
496.2
476.2
477.72
496.74
476.65
476.2
475.8
496.64
477.05
996.78
474.05
476.95
475.27
476.63
477.89
476.65
497.98
477.72
475.0
477.05
496.2
474.15
476.95
476.95
996.69
474.56
474.56
477.05
477.72
477.62
476.53
476.95
474.03
996.74
475.0
475.39
474.54
474.45
476.54
474.15
475.37
475.8
476.14
476.95
474.84
474.9
474.15
474.54
475.71
476.97
996.76
475.29
476.61
476.61
476.63
497.15
496.32
475.37
474.15
996.74
477.36
476.51
478.18
499.09
497.05
476.51
474.03
476.51
476.63
476.22
476.63
474.96
496.23
476.12
476.95
474.47
476.95
474.16
477.04
477.04
477.04
476.1
477.73
475.27
497.45
996.69
474.45
474.13
474.56
474.88
474.86
475.29
474.56
476.26
475.41
476.54
475.71
475.71
476.12
477.89
996.74
477.89
477.04
477.05
996.73
474.96
476.95
477.75
474.44
476.56
474.98
996.69
477.9
474.54
475.27
474.86
474.96
476.24
476.63
497.15
476.63
476.63
497.15
476.61
497.47
477.05
497.15
476.22
996.59
475.69
474.45
476.09
476.22
474.54
475.81
474.44
496.64
475.29
474.86
476.63
475.37
476.63
474.52
496.66
474.86
475.27
474.54
474.13
474.03
476.12
475.27
996.69
474.13
476.24
476.24
474.44
474.88
996.64
475.83
474.96
996.81
475.39
474.45
476.53
474.13
474.15
476.24
476.14
996.71
495.81
475.29
475.27
477.04
996.81
474.54
474.98
996.71
476.92
476.94
996.68
474.88
474.54
477.85
475.81
996.74
476.95
477.58
474.88
474.45
477.05
474.96
475.39
477.58
477.79
476.1
477.62
476.92
476.94
497.06
474.05
495.84
476.22
476.63
476.22
475.0
476.92
475.25
474.86
476.61
476.2
496.74
476.63
476.2
497.47
475.41
495.82
996.71
996.71
476.51
474.05
475.8
473.72
475.8
474.88
477.34
476.94
476.94
474.15
476.63
474.57
996.69
477.34
474.88
474.88
477.34
477.7
996.8
477.05
476.63
475.8
996.78
476.1
996.74
476.94
474.88
477.36
477.04
477.7
474.57
496.35
474.98
996.64
474.86
477.36
474.45
474.98
474.57
476.14
475.3
474.47
477.04
474.96
496.32
476.65
996.9
477.07
996.76
476.12
476.53
477.63
475.29
476.95
474.57
497.17
476.22
476.63
474.15
476.53
477.77
477.62
497.91
474.9
474.15
474.98
477.04
498.41
477.05
474.57
497.88
498.0
474.56
499.12
474.98
474.47
475.32
474.59
477.05
476.65
477.9
477.07
475.8
477.38
474.47
497.88
477.79
477.77
477.77
497.86
474.03
474.56
474.98
498.41
477.87
477.45
475.83
476.54
476.14
474.45
475.29
473.74
473.74
474.47
475.3
475.0
475.41
476.24
475.29
996.68
477.62
476.95
996.73
475.71
474.56
474.13
475.73
475.32
474.47
477.05
474.16
475.01
476.95
474.49
476.54
496.64
474.57
477.05
475.01
474.16
473.62
475.41
476.63
476.65
474.16
477.79
475.73
475.73
474.57
474.59
475.0
475.3
996.74
474.47
475.83
476.24
476.24
474.98
476.15
497.49
476.56
474.9
476.14
474.15
476.66
475.0
476.15
474.47
476.14
477.07
497.49
476.24
477.09
477.9
475.81
474.56
476.97
476.54
476.95
996.76
476.58
474.16
475.44
477.07
476.14
474.06
496.67
474.11
474.16
475.85
477.8
474.06
474.05
474.59
498.3
476.26
474.59
474.59
475.73
476.95
477.63
476.54
474.18
474.15
476.54
474.9
474.88
474.57
474.98
495.55
474.16
475.3
476.54
996.78
475.42
477.72
475.01
474.56
477.79
474.49
476.53
498.32
996.78
476.12
474.59
475.0
498.42
477.05
477.73
996.88
996.88
996.78
476.12
996.78
476.53
476.12
475.27
477.04
474.54
477.07
996.74
497.91
477.05
474.57
476.15
474.05
474.57
996.86
475.01
996.74
996.8
996.78
476.53
474.05
477.36
996.78
996.83
477.48
475.81
996.86
996.91
476.22
996.8
497.06
476.95
476.53
474.49
476.54
475.83
475.81
475.0
474.47
497.47
476.54
474.88
476.56
477.79
475.41
477.89
475.81
476.24
475.73
476.14
476.95
996.78
475.35
475.81
475.03
476.24
477.8
476.95
475.3
474.9
474.59
474.59
476.95
476.97
475.3
497.49
474.03
996.78
475.42
476.24
474.15
476.12
476.97
476.14
476.54
477.8
475.81
477.75
475.41
476.22
476.56
476.97
477.38
476.97
476.12
475.01
996.85
475.0
475.0
474.9
474.91
475.83
475.83
475.0
476.15
477.62
474.47
477.62
474.57
474.16
476.24
474.05
475.73
476.54
476.65
996.78
497.51
477.07
477.07
497.49
476.65
475.42
477.05
497.57
497.17
477.46
474.57
476.54
497.9
477.79
474.9
996.73
474.47
996.73
475.85
476.24
475.42
475.75
476.15
496.28
474.9
476.97
475.42
496.71
476.65
476.24
475.83
996.71
475.73
475.71
474.47
497.91
475.0
474.98
474.57
474.05
475.32
475.41
477.48
477.48
477.05
996.91
996.9
476.22
497.9
996.88
996.9
498.0
476.65
474.16
474.08
996.76
474.57
475.0
996.83
477.46
476.56
474.06
475.32
475.42
996.86
477.05
476.66
475.42
474.47
474.88
496.25
474.16
497.9
996.66
474.57
476.27
996.8
476.95
475.71
474.47
474.98
474.98
474.96
996.76
476.95
476.53
474.05
477.77
475.83
476.22
996.83
996.85
996.83
477.07
477.6
474.47
996.74
476.94
474.15
474.98
474.57
476.92
476.94
474.47
996.74
996.71
474.98
474.54
474.56
476.53
476.92
476.51
476.92
996.78
477.7
497.91
476.2
477.72
476.2
477.43
996.63
996.63
497.2
476.63
475.3
474.88
495.86
996.61
476.53
476.95
475.8
477.04
477.04
497.18
996.61
475.0
474.03
476.92
474.88
476.63
477.05
476.2
475.42
996.73
996.71
476.53
498.34
476.95
996.8
476.95
996.76
474.45
996.88
996.95
474.98
476.22
476.22
476.15
476.12
474.88
474.57
474.56
475.81
474.05
476.14
476.95
476.65
475.39
476.63
996.9
996.78
996.83
474.91
476.97
476.95
476.53
476.95
476.66
996.93
476.24
475.41
476.14
475.73
475.73
476.56
474.16
475.42
497.18
474.16
474.49
474.5
477.48
476.66
474.61
477.75
477.63
477.63
474.49
477.79
476.56
477.39
476.54
476.24
476.65
476.24
477.5
475.41
476.15
476.56
474.05
477.07
475.41
475.42
476.97
474.08
476.54
474.16
477.09
476.66
475.83
476.6
474.91
474.5
475.03
476.66
475.39
474.5
476.97
475.73
476.54
477.09
476.66
476.26
475.85
474.9
474.9
474.91
475.01
474.18
478.23
475.34
497.1
474.08
474.5
475.01
475.85
475.05
477.65
476.15
498.32
474.49
477.39
477.41
475.83
474.57
476.26
475.75
477.38
477.39
476.99
474.08
474.61
477.9
478.33
474.61
475.32
474.06
475.42
475.42
474.57
474.06
497.91
476.15
474.06
474.16
474.61
497.1
497.62
475.83
475.83
476.97
996.81
474.49
474.59
474.16
475.42
474.91
475.32
474.9
474.59
475.0
476.15
996.71
475.73
474.47
476.26
474.59
475.0
476.19
474.49
475.01
475.42
476.7
476.26
476.58
478.21
475.75
475.75
476.17
475.85
476.26
476.66
497.61
475.44
475.75
996.73
476.99
474.47
497.08
476.14
476.26
996.81
475.01
474.59
497.93
474.5
996.8
474.08
475.01
475.41
497.2
475.01
474.9
476.97
474.91
475.44
475.83
476.66
475.86
475.3
474.08
476.15
996.8
474.16
476.26
474.9
996.76
474.91
474.16
474.57
475.0
477.39
474.05
476.97
476.26
476.26
474.16
474.88
476.14
476.56
497.51
475.3
475.42
996.8
477.09
996.76
476.26
477.11
476.17
476.56
474.08
476.15
476.66
476.66
498.03
476.68
476.24
996.78
996.78
996.76
996.74
996.73
996.69
996.69
996.63
996.66
131.09
996.63
109.99
996.78
996.83
98.77
996.71
996.69
996.71
36.35
996.64
996.69
996.73
996.68
29.07
9.74
6.51
9.57
996.74
996.76
996.76
996.78
996.76
996.78
996.8
996.76
474.91
477.38
477.68
996.85
475.34
476.87
474.81
474.9
476.17
476.54
475.29
474.35
476.85
477.7
475.63
996.8
12.85
14.06
12.68
476.41
476.37
497.06
496.21
475.97
475.27
996.83
996.83
475.63
476.43
996.76
